895225,3,6,26,11607,20,0,8.666666667,10.26320288,5840,0,1934.5,2538.919278,12994.49859,10.05333855,111903.125,316011.3723,893991,3,944,472,661.8519472,940,4,895190,179038,399671.0598,893991,3,0,0,0,0,72,132,3.351112849,6.702225697,0,5840,1163.3,2138.329153,4572451.567,0,0,0,1,0,0,0,0,2,1292.555556,8.666666667,1934.5,72,0,0,0,0,0,0,3,26,6,11607,8192,229,2,20,0,0,0,0,0,0,0,0           - intrusion detected


117551,3,6,26,11607,20,0,8.666666667,10.26320288,5755,0,1934.5,2529.124572,98961.3019,76.56251329,14693.875,41079.60603,116359,2,886,443,623.668181,884,2,117397,23479.4,51922.1854,116359,10,0,0,0,0,72,132,25.52083776,51.04167553,0,5755,1163.3,2131.87096,4544873.789,0,0,0,1,0,0,0,0,2,1292.555556,8.666666667,1934.5,72,0,0,0,0,0,0,3,26,6,11607,8192,229,2,20,0,0,0,0,0,0,0,0              - intrusion detected


10110733,5,0,30,0,6,6,6,0,0,0,0,0,2.967143925,0.494523988,2527683.25,5054697.189,10100000,1,10100000,2527683.25,5054697.189,10100000,1,0,0,0,0,0,0,0,0,0,100,0,0.494523988,0,6,6,6,0,0,0,0,0,0,1,0,0,0,0,7.2,6,0,100,0,0,0,0,0,0,5,30,0,0,256,-1,4,20,1004,0,1004,1004,10100000,0,10100000,10100000   - intrusion detected


226,2,2,68,344,34,34,34,0,172,172,172,0,1823008.85,17699.11504,75.33333333,88.23453594,174,4,4,4,0,4,4,48,48,0,48,48,0,0,0,0,40,40,8849.557522,8849.557522,34,172,89.2,75.58571294,5713.2,0,0,0,0,0,0,0,0,1,111.5,34,172,40,0,0,0,0,0,0,2,68,2,344,-1,-1,1,20,0,0,0,0,0,0,0,0     - normal traffic


211,1,1,0,0,0,0,0,0,0,0,0,0,0,9478.672986,211,0,211,211,0,0,0,0,0,0,0,0,0,0,0,0,0,0,32,32,4739.336493,4739.336493,0,0,0,0,0,0,0,0,0,1,1,0,0,1,0,0,0,32,0,0,0,0,0,0,1,0,1,0,1977,65535,0,32,0,0,0,0,0,0,0,0   - normal traffic


8393836,5,0,30,0,6,6,6,0,0,0,0,0,3.574051244,0.595675207,2098459,4190346.584,8383976,1,8393836,2098459,4190346.584,8383976,1,0,0,0,0,0,0,0,0,0,100,0,0.595675207,0,6,6,6,0,0,0,0,0,0,1,0,0,0,0,7.2,6,0,100,0,0,0,0,0,0,5,30,0,0,256,-1,4,20,9860,0,9860,9860,8383976,0,8383976,8383976   - normal traffic

